RMS,Kurtosis,CrestFactor,P2P,CurrentAmp,DominantFreq,SpectralEnergy,Temp,Label
4.061,-0.695,1.808,6.630,2.84,5.66,1001.78,33.12,1
5.315,1.649,2.976,15.620,4.88,19.02,1714.34,33.19,1
5.707,2.174,2.807,15.253,0.00,6.07,1822.42,33.25,1
4.357,3.223,3.300,13.986,0.67,4.00,1198.25,33.19,1
2.247,0.808,2.371,5.217,5.11,4.99,510.29,33.25,1
5.631,1.212,2.784,15.055,2.69,2.81,1417.35,33.25,1
4.430,2.569,2.941,12.750,1.47,2.63,698.01,33.19,1
2.491,2.238,2.633,6.145,3.43,5.26,577.69,33.25,1
6.347,-0.089,2.386,14.465,3.94,-184.12,1894.59,33.25,1
5.392,1.399,2.781,14.878,1.31,7.59,1571.79,33.25,1
2.170,-0.583,1.884,3.580,3.04,5.93,555.15,33.25,1
4.081,4.610,3.426,13.620,5.60,2.84,762.17,33.25,1
5.982,1.184,2.964,17.264,5.62,20.91,1767.44,33.25,1
5.962,0.876,2.623,15.058,2.85,22.51,1853.12,33.25,1
4.882,2.436,3.196,15.226,0.49,5.17,1089.74,33.31,1
4.312,4.683,3.526,14.914,1.13,2.70,488.11,33.25,1
2.467,6.817,3.709,8.806,4.16,4.34,538.61,33.25,1
2.240,1.359,2.502,4.909,4.49,10.00,570.26,33.25,1
2.281,1.113,1.959,4.010,4.62,7.02,444.97,33.25,1
2.843,-0.279,1.974,4.913,2.75,5.01,638.39,33.25,1
3.101,-0.789,1.882,5.147,2.33,4.80,748.40,33.25,1
2.768,-0.289,1.999,4.926,2.52,5.47,634.63,33.31,1
2.636,0.029,2.019,4.925,2.28,4.15,619.01,33.31,1
2.345,0.174,2.150,4.584,3.37,6.43,581.31,33.31,1
2.275,1.157,2.622,5.719,0.76,5.54,538.08,33.31,1
2.071,-0.082,2.122,4.002,1.25,5.07,507.32,33.31,1
2.092,-0.081,2.142,4.395,2.05,4.70,553.71,33.31,1
2.159,0.117,2.232,4.438,2.78,7.50,567.52,33.31,1
2.168,-0.511,2.149,4.525,2.27,6.47,559.05,33.31,1
2.409,1.177,2.230,5.195,4.79,5.61,578.45,33.31,1
2.374,1.303,2.457,5.386,2.56,4.89,609.40,33.31,1
2.115,-0.102,1.985,4.050,2.06,5.34,460.45,33.31,1
2.768,-0.590,1.867,4.664,4.08,7.75,696.40,33.31,1
2.484,0.550,2.109,4.532,3.18,5.81,585.58,33.31,1
2.168,1.007,2.387,5.040,2.83,6.32,508.36,33.31,1
2.078,1.201,2.308,4.346,1.93,5.87,477.81,33.31,1
2.533,-0.541,1.779,4.247,2.28,4.22,561.36,33.31,1
2.200,-0.639,1.824,3.785,0.89,4.49,535.26,33.31,1
2.354,-0.573,1.817,3.935,1.11,6.14,578.08,33.31,1
2.271,-0.457,1.973,3.885,1.37,6.00,523.62,33.31,1
2.114,0.138,2.247,4.462,2.38,6.73,508.93,33.38,1
2.347,-0.206,2.038,4.018,3.26,5.21,517.87,33.38,1
2.290,-0.186,1.981,4.070,3.57,6.36,526.61,33.38,1
6.379,0.022,2.360,14.632,3.29,5.03,1538.33,33.31,1
2.560,0.678,2.355,5.428,2.31,6.22,612.39,33.38,1
5.939,0.929,2.627,15.150,1.00,13.18,1852.80,33.38,1
3.282,1.680,2.469,7.512,2.32,3.89,712.70,33.38,1
3.029,0.204,2.237,6.030,0.32,5.18,759.69,33.38,1
2.929,0.103,2.171,6.179,2.19,6.45,698.69,33.38,1
3.036,0.596,2.157,6.233,1.93,6.30,711.24,33.38,1
7.945,-0.676,2.037,15.093,1.69,5.94,2164.36,33.38,1
8.508,-0.980,1.717,13.271,2.37,5.00,2113.00,33.38,1
2.772,0.267,2.035,4.749,1.54,7.92,642.29,33.38,1
2.874,-0.215,1.886,4.953,1.99,7.64,635.41,33.44,1
2.782,0.176,1.793,4.877,2.71,5.79,574.02,33.38,1
4.922,4.380,3.301,15.738,2.86,2.79,831.47,33.44,1
2.822,-0.119,1.888,4.696,1.93,6.46,673.53,33.44,1
2.896,-0.347,2.009,5.322,3.11,7.36,719.67,33.38,1
2.917,0.762,2.217,5.779,3.57,4.66,637.98,33.44,1
2.966,-0.429,1.971,5.272,2.68,6.48,726.63,33.44,1
3.088,-0.165,2.103,5.931,2.35,6.73,709.97,33.44,1
2.857,0.243,2.163,5.350,1.27,5.52,672.88,33.44,1
3.022,0.971,2.163,5.926,2.57,7.57,750.69,33.44,1
2.973,-0.350,1.960,5.240,1.07,5.29,688.01,33.44,1
2.857,1.106,2.144,5.644,1.87,5.26,635.41,33.44,1
3.040,0.127,2.067,5.778,3.05,5.85,705.77,33.44,1
3.024,-0.112,1.942,5.161,2.33,6.55,704.90,33.44,1
3.088,-0.069,2.041,5.706,2.15,5.74,657.06,33.44,1
3.008,-0.092,1.891,4.989,2.87,6.54,671.55,33.50,1
3.042,0.408,2.108,6.019,2.78,8.66,749.74,33.50,1
3.052,0.473,2.136,5.850,2.22,5.12,657.06,33.50,1
3.102,0.232,2.044,5.989,1.36,7.71,687.26,33.50,1
3.193,0.235,2.261,6.700,3.09,6.72,809.00,33.50,1
3.361,-0.402,2.010,6.266,0.62,6.85,820.09,33.50,1
3.314,-0.063,2.028,6.181,2.00,7.56,762.03,33.50,1
3.445,-0.576,1.827,5.480,2.96,7.83,802.64,33.50,1
3.430,-0.789,1.732,5.527,2.82,5.35,719.14,33.50,1
3.404,-0.488,1.858,5.852,2.91,5.85,778.52,33.50,1
3.239,0.258,2.103,6.468,1.15,6.02,690.03,33.50,1
3.296,-0.325,1.900,5.332,1.81,6.62,730.27,33.56,1
3.113,0.141,2.033,5.846,1.01,6.73,775.72,33.56,1
3.371,0.537,2.180,7.098,2.15,6.05,826.17,33.50,1
4.322,1.249,2.510,10.573,1.89,3.24,768.85,33.56,1
0.170,13.891,4.553,0.742,0.00,3.63,25.36,33.56,1
0.216,2.806,3.170,0.656,0.00,4.26,67.92,33.50,1
4.487,0.327,2.226,9.518,2.22,5.57,1134.52,33.62,1
4.339,2.616,2.245,8.427,2.03,7.26,981.98,33.62,1
5.941,0.572,2.442,13.975,3.29,15.53,1744.73,33.62,1
2.338,-0.030,2.120,4.654,3.40,4.73,599.65,33.62,1
2.616,0.058,2.124,4.911,4.45,4.75,665.52,33.62,1
2.777,0.218,2.270,5.728,3.34,5.71,701.64,33.62,1
2.655,-0.384,2.109,5.230,2.05,5.63,705.69,33.62,1
2.901,-0.224,2.144,5.803,3.16,9.08,763.91,33.62,1
2.762,-0.644,1.900,4.540,4.97,5.23,637.65,33.62,1
2.624,0.013,1.958,4.708,3.42,7.37,590.84,33.69,1
2.593,0.453,2.132,4.975,2.50,5.91,601.17,33.62,1
4.018,2.080,2.752,10.510,2.16,3.44,640.04,33.62,1
2.502,-0.603,1.931,4.162,1.77,6.39,562.92,33.69,1
2.625,0.920,2.472,6.018,2.35,6.90,648.56,33.69,1
2.565,-0.300,2.189,4.942,1.92,6.04,606.70,33.62,1
2.584,-0.212,2.132,4.774,2.89,6.80,631.17,33.69,1
2.533,1.122,2.455,6.097,2.50,5.71,640.46,33.69,1
2.516,0.005,2.220,5.085,2.56,6.83,641.14,33.69,1
2.643,-0.555,1.816,4.245,0.84,5.41,600.01,33.69,1
2.556,0.106,2.338,5.456,2.38,5.66,627.19,33.69,1
2.427,0.023,2.031,4.493,2.08,5.27,541.23,33.75,1
2.691,0.058,1.992,4.620,2.00,3.84,552.44,33.75,1
2.716,-0.038,2.075,5.266,1.66,5.74,719.59,33.69,1
2.625,-0.005,2.066,4.730,1.66,6.77,672.37,33.75,1
2.692,0.596,2.302,6.009,1.43,5.17,657.12,33.75,1
2.747,-0.100,1.848,4.387,0.90,7.17,653.76,33.75,1
2.434,0.932,2.217,5.140,2.33,4.61,581.29,33.69,1
2.618,-0.155,1.986,4.687,2.52,7.22,667.00,33.75,1
2.633,0.504,2.211,5.211,1.10,6.12,685.60,33.75,1
2.541,0.218,2.044,4.688,2.71,6.86,607.89,33.75,1
2.625,0.106,2.030,4.815,2.55,6.52,617.14,33.75,1
2.842,-0.471,1.959,5.143,2.12,5.90,695.77,33.81,1
2.809,-0.008,2.073,5.468,2.85,4.99,646.19,33.81,1
2.740,-0.054,1.965,5.099,1.40,6.25,694.50,33.81,1
2.656,-0.236,1.840,3.979,1.47,6.39,601.01,33.81,1
2.794,-0.602,2.017,5.235,0.81,5.53,676.82,33.81,1
2.380,-0.045,2.180,4.931,2.71,7.48,630.71,33.81,1
0.977,2.047,3.442,3.335,0.00,-26.10,159.60,33.81,1
RMS,Kurtosis,CrestFactor,P2P,CurrentAmp,DominantFreq,SpectralEnergy,Temp,Label
7.936,-0.732,1.979,14.708,1.96,14.14,1943.85,-127.00,1
2.755,0.512,2.141,5.082,1.96,6.37,600.25,33.94,1
2.712,-0.674,1.859,4.739,0.33,7.02,593.07,33.94,1
2.565,0.392,1.947,4.486,1.52,6.82,591.39,33.94,1
2.678,-0.731,1.701,4.031,1.86,6.87,601.78,33.94,1
2.867,0.303,1.909,5.071,0.00,5.73,718.03,34.00,1
2.753,1.791,2.348,5.791,2.10,5.88,506.89,34.00,1
3.115,-0.778,1.664,4.657,0.85,5.92,698.31,34.00,1
3.111,-0.218,1.983,5.404,1.55,6.72,710.69,34.00,1
3.130,-0.526,1.758,4.962,0.82,8.55,678.81,34.00,1
2.819,-0.208,1.728,4.148,2.23,7.38,585.67,34.00,1
2.684,0.313,2.170,5.560,1.69,6.06,610.32,34.06,1
2.716,-0.185,1.988,5.028,1.69,7.13,698.49,34.06,1
3.029,0.147,2.025,5.120,0.52,6.26,697.41,34.00,1
2.929,-0.201,1.851,4.445,1.82,6.94,655.92,34.06,1
2.650,-0.015,1.962,4.827,0.29,7.06,596.85,34.06,1
2.736,-0.783,1.806,4.084,2.27,6.13,596.72,34.06,1
2.759,-0.436,1.751,4.092,1.75,5.25,577.42,34.06,1
2.865,0.192,2.043,5.268,1.25,4.87,640.90,34.06,1
2.514,-0.083,2.053,4.888,1.99,6.67,594.27,34.06,1
4.116,0.368,2.329,8.589,1.91,4.91,844.81,34.12,1
4.902,1.336,2.609,11.818,2.33,3.11,777.83,34.12,1
2.669,0.088,2.015,5.224,3.84,6.41,628.48,34.12,1
2.697,-0.138,2.187,5.591,2.31,6.56,713.60,34.12,1
2.426,-0.404,1.934,4.412,3.60,5.95,585.17,34.12,1
2.353,0.678,2.479,5.449,3.16,7.17,575.68,34.12,1
2.439,-0.293,1.915,4.065,2.56,5.34,558.43,34.19,1
2.512,-0.477,1.883,4.171,0.94,6.13,592.96,34.12,1
2.558,-0.241,1.907,4.569,2.09,5.38,567.84,34.19,1
2.329,-0.384,1.987,4.478,0.71,5.97,545.95,34.19,1
2.294,0.062,2.132,4.604,2.42,5.25,530.99,34.19,1
2.407,-0.356,1.821,4.192,1.52,7.62,531.83,34.19,1
2.456,-0.466,1.861,4.368,2.44,6.08,594.67,34.19,1
2.506,-0.018,2.011,4.592,0.34,7.62,613.28,34.19,1
2.489,-0.316,1.908,4.121,1.85,5.68,582.25,34.25,1
2.649,-0.071,1.932,4.370,0.35,6.36,626.97,34.25,1
2.746,-0.463,1.960,4.764,1.17,6.57,645.48,34.25,1
2.904,-0.599,1.848,4.558,0.17,5.21,677.13,34.25,1
3.142,0.018,2.236,6.323,0.66,6.66,751.40,34.25,1
2.927,-0.542,2.084,5.599,1.57,6.09,703.11,34.25,1
3.055,-0.174,1.990,5.598,1.91,7.39,740.56,34.25,1
2.905,0.337,2.149,5.679,1.54,6.96,686.45,34.25,1
2.458,0.239,2.132,4.745,1.25,6.99,605.48,34.25,1
2.820,0.585,2.234,5.745,1.05,4.47,626.54,34.31,1
3.682,2.235,3.025,10.314,1.94,3.22,751.43,34.31,1
3.616,1.049,2.390,8.115,1.01,6.40,957.50,34.31,1
2.220,0.416,2.344,5.076,1.30,5.62,618.02,34.31,1
2.630,-0.124,2.022,4.947,1.15,5.49,584.66,34.31,1
2.492,-0.013,2.073,4.697,0.86,5.11,589.68,34.31,1
2.400,-0.309,2.035,4.331,0.71,5.02,546.82,34.38,1
2.589,0.108,1.967,4.447,3.16,5.82,622.31,34.38,1
2.465,-0.246,1.920,4.271,1.27,6.71,546.66,34.38,1
3.022,2.122,2.689,7.859,3.25,3.65,585.56,34.38,1
4.218,2.995,3.072,12.690,1.90,3.14,641.45,34.38,1
2.598,-0.058,2.191,4.980,3.53,5.50,671.35,34.38,1
4.239,2.474,2.878,11.724,0.25,2.95,681.51,34.44,1
2.371,0.941,2.236,4.940,3.56,6.57,553.67,34.44,1
5.105,1.105,2.802,13.727,0.61,3.04,895.50,34.38,1
2.539,-0.148,2.044,4.866,2.35,6.97,599.56,34.44,1
2.307,0.064,2.153,4.527,1.69,6.06,613.96,34.44,1
2.273,0.099,2.211,4.632,1.95,7.55,575.14,34.44,1
2.433,-0.045,2.027,4.501,0.41,6.36,551.63,34.44,1
2.588,-0.250,2.163,5.069,0.36,4.88,678.70,34.44,1
2.611,0.772,2.505,5.939,1.44,4.61,600.41,34.50,1
7.833,-1.138,1.964,14.698,2.38,-245.69,1937.84,34.50,1
2.255,0.601,2.392,4.876,1.15,7.01,554.17,34.50,1
5.925,-0.059,2.542,14.509,0.40,4.65,1226.85,34.50,1
4.229,3.790,3.076,12.343,1.46,3.05,646.86,34.50,1
2.207,-0.178,2.042,3.954,1.89,5.67,486.44,34.56,1
7.621,-0.809,2.047,14.949,0.91,-17.39,2185.13,34.50,1
2.489,0.674,2.181,5.119,3.07,6.88,602.60,34.56,1
4.063,1.787,2.733,10.444,2.45,3.31,859.91,34.56,1
2.943,-0.236,2.028,5.780,0.00,3.99,677.54,34.56,1
2.669,-0.064,2.104,5.329,0.74,7.98,699.12,34.56,1
0.101,6.737,3.106,0.303,0.00,4.21,21.41,34.56,1
0.164,5.425,3.447,0.554,0.00,7.46,46.78,34.62,1
